1432520737 3928
1432607660 4082
1432826730 4226
1435700523 4439
1435709318 4486
1435715860 4578
1435776807 4582
1436392246 6467
1437928997 626003
1439698000 626880
1439699214 626884
1440707689 454352
1440735981 454352
1441777543 455742
1441818607 455755
1441832018 456659
1441856257 456667
1441908244 456642
1442009226 457195
1442030820 457195
1442106169 457239
1442203297 457447
1442203339 457447
1442203358 457447
1442203621 457455
1442203980 457428
1442543696 799904
1442973570 799697
1442973901 799746
1442976028 799953
1443031033 11
1443032717 407998
1443033561 806935
1444141322 806936
1444142660 802229
1444144161 802229
1444175885 802229
1444232320 802235
1444232383 802235
1444232525 802231
1444261321 802231
1444263414 802231
1444265430 802231
1444270233 802231
1444270258 802231
1444270656 802233
1444270690 802233
1444270726 802233
1444271558 802234
1444271608 802234
1444330216 802228
1444330527 802221
1444331500 802228
1444332313 802235
1444333701 802243
1444366620 802307
1444366687 802307
1444386303 802508
1444386450 802507
1444388918 802506
1444425794 802506
1444439258 802541
1444439814 802541
1444440478 802541
1444443688 802541
1444444445 802541
1444444667 802541
1444444852 802541
1444449418 802542
1444455132 802672
1444455240 802674
1444455646 802674
1444520117 802816
1444527731 802827
1444704511 802802
1444707528 802803
1444756641 802808
1444778849 802825
1444780196 802824
1444782046 802825
1444782783 802825
1444792224 802825
1444958961 802825
1444959745 802826
1445439095 802826
1445538361 802916
1445538483 802912
1445552979 802918
1445553602 802916
1445827285 802919
1445828391 802920
1446262761 802920
1446267535 802934
1446351667 802889
1446692147 802889
1446780941 802889
1446782846 802889
1446956691 803011
1446958391 803013
1447090622 803025
1447091215 803013
1447092476 803011
1447094828 803012
1447099461 803012
1447212101 803025
1447214257 803030
1447218274 803008
1447292882 803218
1447468382 803218
1447468994 803178
1447470086 803178
1447517095 803188
1447517131 803416
1447517441 803416
1447634448 803418
1447634509 803437
1447702508 803437
1447703507 803437
1447716625 803453
1447727109 803458
1447728110 803458
1447818708 803472
1447819610 803472
1447819630 803472
1447819703 803472
1447820480 803492
1447893722 803497
1447900951 803497
1447990212 803497
1447990274 803515
1447996438 803518
1447996651 803513
1447997714 803513
1448000831 803503
1448728631 803706
1448728822 803706
1448748864 803709
1448748910 803760
1448760026 803760
1448768080 803806
1448771245 803846
1448772649 803860
1448809292 803859
1448814365 803861
1448814534 803859
1448817724 803862
1448818611 803861
1448932544 803861
1448937203 803908
1448987184 803908
1449287266 803969
1449287571 803969
1449287676 803969
1449967410 803980
1450141869 804175
1450141893 804175
1450305479 804178
1450307276 804274
1450906453 804274
1451763351 804274
1451767056 804269
1452008695 804269
1452008901 804189
1452008984 804189
1452009322 804189
1452098901 804189
1452098932 804192
1452100463 804197
1452208583 803328
1452208642 803328
1452208756 803844
1452208779 803847
1452208845 803847
1452208894 803847
1452291591 803847
1452304593 803847
1452368086 803853
1452368142 803888
1452397603 803932
1452397669 803932
1452397742 803932
1452397816 803932
1452398756 803932
1452398833 803942
1452399451 803954
1452403251 803954
1452403863 803954
1452404382 803959
1452436662 803996
1452438448 804091
1452439689 804091
1452439860 804091
1452445921 804093
1452475664 804093
1452575169 804094
1452741080 804095
1452741220 804092
1452741285 804092
1452741543 804112
1452743888 804112
1452743994 803339
1452747543 803340
1452912044 803319
1452912126 803319
1452999687 803321
1453000118 803321
1453001779 803321
1453002024 803321
1453002228 803321
1453008199 803333
1453079156 803325
1453259490 803406
1453260010 803406
1453260028 803404
1453286045 803423
1453341983 803470
1453436488 803572
1453436525 803579
1453436600 803638
1453528432 803638
1453528470 803638
1453528539 803669
1453528618 803669
1453528657 803675
1453572587 803665
1453608778 803671
1453644229 803714
1453700795 803877
1453700869 803915
1453838312 803913
1453838378 803913
1453838726 803916
1453838782 803916
1453838940 803918
1453839695 803920
1453870948 804031
1453872989 804032
1453875559 804032
1453877056 804118
1453932965 804254
1453933000 804254
1454093604 804257
1454093646 804257
1454093710 804280
1454093788 804280
1454093818 804280
1454093844 804280
1454094429 804282
1454094507 804297
1454114060 804297
1454215610 804333
1454215758 804487
1454294593 804536
1454377095 804535
1454468155 804531
1454561863 804516
1454562751 804516
1454647319 804959
1454647374 804959
1454647710 804964
1455364912 805380
1455365246 805377
1455578156 805800
1455579483 805815
1455580973 805817
1455678146 805903
1455852816 805903
1455853551 805903
1455854122 805903
1456067964 806130
1456073517 806118
1456084437 806430
1456192055 806662
1456192632 806673
1456235609 806681
1456236398 806705
1456236782 806705
1456240435 806698
1456240705 806698
1456350436 806714
1456350905 806715
1456352296 806715
1456353671 806725
1456355336 806725
1456860837 806774
1456892091 811885
1456893636 811893
1457236756 811989
1457321908 812274
1457404879 812307
1457409432 812289
1457412346 812317
1457412388 812317
1457488360 812317
1457570006 812418
1457633824 812419
1457634038 812419
1457634400 812418
1457659727 812417
1457728798 812454
1457728923 812454
1457752214 812454
1457752407 812574
1457980244 812574
1458616111 812574
1458691227 812897
1458694131 812899
1458943187 813811
1459131631 813887
1459475792 813889
1459563459 813889
1459739687 813899
1459999115 814164
1459999226 980568
1459999278 980588
1460080602 980858
1460082194 980443
1460083240 980488
1460083479 980488
1460520766 980518
1460520792 981480
1460609077 978066
1460609138 978382
1460777979 978404
1460778169 978406
1460778199 978414
1460779278 978414
1460780129 978414
1461077084 978413
1461087221 978359
1461122049 978743
1461218148 978743
1461218177 978743
1461218281 978852
1461221084 978852
1461221507 978849
1461222364 978848
1461223098 978850
1461223633 978850
1461224099 978850
1461261099 978851
1461265900 978867
1461266097 978866
1461273810 979192
1461273838 979205
1461277201 979205
1461277341 979205
1461278504 979205
1461284139 979205
1461293003 979206
1461305744 979220
1461309249 979236
1461519109 979715
1461677867 979769
1461678271 979733
1461690202 979734
1461782374 979734
1461782466 979734
1461985352 979767
1462074418 980330
1462116536 980330
1462243001 980432
1462296117 980429
1462296168 980429
1462319563 980429
1462332431 980408
1462846709 945492
1462847947 945492
1463017880 945493
1463235907 945522
1463348565 945609
1463349379 945609
1463592100 945710
1464065854 945753
1464313738 945755
1464313825 945775
1464313875 945776
1464313948 945797
1464314024 945774
1464459463 946030
1464459497 946120
1465324295 1074548
1465326535 1074546
1465326766 1074544
1465327441 1074541
1465327603 1074539
1465331993 1073786
1465332830 1073788
1465516546 1073818
1465517546 1073817
1465518037 1073818
1465521739 1073574
1465522297 1073578
1465611048 1073577
1465615288 1073598
1465616507 1073598
1465616669 1073598
1465695939 1073630
1465701396 1073618
1465704484 1073626
1465971773 1073624
1465971788 1073976
1465972338 1073976
1465999178 1074155
1466004456 1074204
1466009509 1074229
1466014134 1074261
1466045041 1074351
1466045064 1074351
1466045083 1074570
1466118587 1074499
1466134277 1074498
1466134285 1074400
1466220099 1074403
1466220138 1074336
1466220677 1074342
1466460541 1074344
1466460564 1074344
1466465085 1074355
1466465109 1074370
1466467913 1074370
1466468505 1074370
1466471834 1074370
1466472108 1074361
1466472143 1074361
1466472204 1074363
1466474949 1074365
1466474969 1074360
1466649840 1073891
1467081822 1073891
1467081868 1073924
1467081897 1073923
1467081961 1073923
1467084584 1073928
1467164415 1073969
1467164448 1073984
1467173406 1073992
1467173434 1074019
1467175292 1074021
1467237052 1074021
1467258823 1074208
1467428313 1074750
1467477824 1074789
1467552927 1074808
1467560775 1074789
1467563119 1074789
1467578182 1075127
1467766856 1075373
1467768307 1075373
1468288685 1075560
1468288981 1075560
1468289543 1075566
1468289724 1075572
1468363381 1075619
1468366514 1075672
1468375839 1075369
1468375883 1075360
1468375945 1075383
1468375975 1075419
1468376947 1075425
1468452844 1075426
1468537136 1075347
1468970985 1075441
1468983223 1075414
1469621611 1075485
1469621628 1075724
1469760847 1075755
1470095588 1075786
1470103959 1075786
1470117019 1075844
1470183566 1075845
1470183820 1075845
1470186635 1075845
1470186663 1075900
1471724116 1076207
1471724151 1076772
1471905102 1076773
1471905123 1076777
1472101523 1076831
1472101534 1076867
1472175878 1076867
1472347702 1077138
1472347758 1077134
1472438387 1077145
1472438425 1077244
1477354485 1079478
1477354559 1080576
1477395282 1080213
1477395521 1080019
1477697315 1079454
1477697711 1079454
1477698638 1079464
1477699036 1079482
1477701041 1079482
1477701685 1079482
1477702302 1079481
1478567852 1079810
1478568087 1081354
1478568272 1081143
1478568302 1081305
1478915148 1081346
1478960047 1081388
1478979624 1081453
1479007321 1081455
1479007343 1081457
1479051466 1081543
1479052880 1081542
1479097971 1081542
1479097996 1081541
1479175933 1081529
1479175953 1081884
1479183190 1081884
1479185326 1081885
1479248047 1081887
1479254125 1081874
1479270819 1081865
1479278913 1081951
1479351633 1081965
1479351651 1082020
1479353140 1082028
1479353165 1082026
1479404123 1082293
1479404867 1174183
1479405150 1174183
1479406682 1174183
1479413613 1174183
1479413633 1174311
1479415483 1193866
1479427712 1193866
1479432146 1193869
1479436465 1193837
1479439619 1193855
1479440172 1193866
1479445510 1193866
1479446566 1193873
1479478443 1193887
1479513361 1193720
1479513449 1193720
1479514434 1193720
1479578234 1193720
1479603262 1194492
1479658401 1194545
1479665007 1194542
1479666222 1194542
1479667379 1194556
1479685902 1194556
1479691269 1194556
1479691289 1194567
1479749501 1194570
1479750775 1194570
1479818706 1194675
1479900421 1195013
1479900497 1195284
1479901408 1195288
1479902525 1195289
1479903156 1195289
1479905990 1195301
1479907165 1195299
1479909847 1195299
1479912093 1195302
1479913459 1195328
1479950417 1195330
1479950667 1195328
1480100513 1195328
1480101770 1842679
1480104379 1842705
1480125425 1842713
1480129653 1195336
1480140133 1195332
1480140166 1195331
1480140197 1195332
1480214091 1194896
1480214240 1846789
1480214360 1194896
1480214426 1194896
1480216453 1194896
1480297176 1194897
1480456503 1194942
1480456527 1194968
1480456607 1194969
1480473143 1194970
1480479114 1194972
1480479534 1195142
1480479555 1195131
1480482048 1195139
1480552974 1195147
1480553974 1195156
1480625541 1195231
1480625732 1195262
1480638115 1195263
1480654244 1195331
1480654320 1195335
1480654537 1195333
1480693563 1195333
1480693621 1195350
1480693718 1195350
1480693815 1195372
1480696218 1195366
1480726175 1195361
1480735221 1195433
1480735356 1195431
1480740288 1195449
1480746407 1195449
1480746694 1195449
1480775828 1195435
1480775853 1196252
1480777518 1196506
1480780476 1196501
1480797006 1195462
1480798501 1195462
1480798593 1195462
1480798983 1195461
1480799527 1195461
1480804497 1195463
1480808111 1195463
1480811896 1195513
1480812592 1195513
1480812770 1195513
1480813930 1195513
1480814358 1195491
1480814460 1195492
1480817612 1195488
1480818694 1195488
1480821210 1195488
1480821268 1195488
1480821403 1195488
1481199078 1195514
1481200031 1195514
1481288310 1195551
1481402612 1196402
1481685134 1196385
1481721567 1196387
1481721584 1196386
1481721615 1196386
1481721646 1196386
1481721695 1196383
1482073054 1208208
1482073992 1208209
1482074209 1208209
1482100126 1208144
1482100573 1208134
1482112812 1208135
1482129215 1208135
1482129244 1208144
1482129278 1208176
1482511886 1208176
1482512046 1208196
1482513738 1208196
1482622840 1208318
1482758793 1208313
1482779139 1208813
1482779164 1208842
1482849161 1208891
1482849496 1208891
1482874541 1209027
1482927641 1208991
1482928211 1208993
1482928593 1208994
1482931609 1209012
1482952377 1217227
1483382193 1217227
1483414372 1217227
1483702888 1217228
1483707425 1217228
1483886271 1217228
1483886978 1217228
1483901649 1217200
1483901944 1217200
1483903570 1217201
1484054639 1217196
1484102479 1217422
1484103194 1217422
1484103659 1217422
1484103789 1217422
1484104827 1217421
1484104932 1217421
1484106176 1217440
1484147460 1217440
1484147510 1217440
1484147553 1217445
1484147588 1217445
1484147641 1217512
1484147682 1217517
1484147733 1217519
1484147795 1217520
1484147831 1217520
1484147870 1217508
1484147918 1217721
1484147964 1217722
1484148095 1217722
1484148133 1217813
1484148208 1217848
1484148243 1217848
1484227730 1217856
1484231471 1218087
1484256990 1218091
1484263160 1218052
1484263940 1218052
1484264955 1218050
1484309301 1218051
1484309595 1218052
1484311158 1218052
1484319403 1218063
1484351531 1218148
1484351669 1218148
1484352557 1218129
1484356253 1218129
1484356480 1218170
1484397773 1218150
1484397878 1218169
1484521607 1218169
1484521816 1218200
1484521863 1218199
1484521891 1218199
1484521915 1218212
1484521981 1218203
1484522012 1218230
1484764631 1240516
1485073151 1240488
1485133398 1240490
1485137466 1240492
1485139884 1240492
1485141176 1240469
1485142599 1240469
1485143112 1240469
1485288457 1240412
1485348673 1240428
1485349928 1240429
1485354433 1240632
1485459194 1240673
1485459539 1240682
1485526778 1240565
1485550151 1257308
1485960372 1257334
1485961851 1257334
1486038450 1257618
1486042548 1257618
1486043843 1257629
1486043857 1257631
1486045399 1257631
1486124405 1257630
1486124445 1257630
1486124479 1257662
1486124506 1257667
1486124573 1257665
1486357022 1257667
1486360413 1257667
1486365611 1257667
1486367313 1257661
1486367376 1257662
1486386040 1257662
1486386053 1257666
1486389432 1257705
1486392848 1257715
1486392924 1257715
1486392945 1257707
1486392978 1257707
1486393011 1257707
1486393037 1257707
1486393073 1257707
1486467796 1257704
1486468438 1257704
1486468943 1257699
1486498201 1257730
1486513487 1259310
1486513982 1257730
1486514461 1259310
1486515344 1259259
1486516009 1259267
1486521265 1257739
1486521281 1259268
1486524828 1259268
1486526027 1259278
1486529041 1259245
1486529710 1259245
1486530942 1259245
1486533760 1259248
1486585040 1259267
1486585505 1259267
1486585868 1259270
1486585913 1259267
1486705668 1258803
1486707211 1258803
1486707811 1258815
1486707935 1258816
1486708351 1258809
1486708464 1258804
1486708797 1258809
1486708839 1258817
1486709033 1258813
1486730700 1261131
1486731398 1261131
1486735946 1261131
1486736141 1261131
1486773783 1261170
1486777504 1261170
1486852336 1261172
1486863527 1261172
1486864576 1261175
1486870333 1261178
1486871642 1261178
1486878755 1261178
1486878998 1261178
1486920679 1261224
1486997929 1261232
1486998002 1261228
1486998133 1261228
1486998216 1261909
1486999342 1261909
1486999365 1261912
1486999388 1261918
1486999414 1261930
1486999435 1261928
1486999455 1261927
1486999488 1262012
1486999520 1262022
1486999542 1262021
1487111282 1262026
1487159874 1262026
1487163379 1262026
1487170915 1262026
1487171873 1262027
1487171930 1262042
1487171973 1262045
1487172010 1262104
1487256097 1262104
1487285422 1262134
1487286004 1262135
1487286771 1262136
1487287114 1262104
1487333352 1262115
1487336907 1262126
1487339550 1262126
1487371207 1262506
1487393985 1262628
1487455969 1262631
1487481845 1262631
1487483438 1262631
1487484075 1262631
1487484108 1262631
1487484741 1262627
1487484759 1262627
1487484770 1262628
1487484811 1262634
1487484835 1262634
1487484866 1262638
1487484883 1262635
1487484910 1262637
1487484945 1262638
1487484959 1262638
1487486602 1262638
1487560591 1262638
1487597318 1262658
1487599017 1262717
1487601725 1262717
1487602672 1262717
1487626532 1262719
1487638085 1262723
1487639043 1262733
1487639156 1262733
1487639204 1262733
1488145527 1262782
1488145819 1262786
1488145900 1262786
1488145940 1262851
1488146009 1262853
1488146107 1226562
1488372295 1226573
1488372615 1226573
1488372814 1226573
1488375643 1226573
1488375705 1226573
1488543380 1226607
1488599144 1226580
1488599548 1226323
1488648806 1226654
1488767289 1226636
1488809472 1226662
1488895152 1226673
1488895769 1226604
1488896079 1226604
1488896132 1226604
1488896490 1226604
1488897145 1226604
1488973025 1226609
1488983822 1226613
1488985357 1226621
1488985648 1226624
1488986326 1226620
1488986469 1226869
1488987376 1226636
1488999878 1226639
1489061717 1226871
1489063479 1226871
1489066195 1226871
1489072593 1226878
1489079751 1226878
1489105855 1226878
1489263130 1226949
1489265565 1226949
1489417858 1226956
1489431198 1226959
1489464738 1226963
1489466214 1226963
1489466262 1226959
1489466273 1226957
1489466291 1226964
1489466321 1226966
1489466919 1226971
1489508950 1226970
1489597567 1227016
1489673934 1227041
1489674223 1227041
1489676207 1227045
1489677173 1227047
1490065233 1227058
1490065301 1227111
1490065334 1227116
1490065374 1227050
1490066037 1227050
1490096979 1227078
1490104104 1227106
1490105102 1227106
1490105141 1227147
1490140671 1227101
1490140712 1227102
1490141441 1227107
1490358457 1229078
1490363431 1229078
1490363591 1229079
1490363912 1229073
1490364268 1229071
1490364321 1229075
1490372976 1229075
1490373860 1229075
1490374012 1229071
1490374711 1229071
1490375255 1228154
1490375308 1228154
1490375541 1228154
1490375593 1228154
1490375742 1228159
1490375858 1228158
1490375986 1228158
1490376154 1228163
1490376327 1228164
1490376551 1228164
1490377146 1228165
1490377179 1228161
1490377303 1228161
1490377429 1228159
1490377524 1228159
1490377888 1228162
1490378045 1228162
1490378216 1228162
1490378400 1228162
1490714095 1228188
1490796775 1228190
1490797198 1228190
1490797892 1228190
1490839263 1228191
1490839277 1228791
1490839361 1228759
1490923484 1228819
1490961884 1228821
1490961959 1228823
1490962037 1228879
1491452422 1228908
1491452437 1228937
1491452455 1228967
1491452549 1228989
1491452581 1228990
1491452683 1229143
1491452709 1229147
1491452736 1230463
1491457414 1230466
1491658266 1230451
1491790905 1230452
1491865619 1230599
1491866573 1230599
1491867888 1230603
1491869154 1230672
1491949000 1230672
1491950189 1230676
1491950278 1230676
1491950457 1230676
1491950972 1230676
1491956517 1230676
1491962847 1230676
1492003233 1230672
1492004370 1230704
1492004433 1230704
1492006286 1230756
1492006632 1230756
1492007793 1230758
1492085005 1230758
1492085185 1230759
1492088145 1230761
1492089822 1230781
1492090605 1230781
1492091222 1230863
1492294870 1230998
1492295053 1230998
1492295316 1230998
1492295878 1230999
1492305947 1231032
1492362169 1231036
1492362446 1231036
1492362856 1231035
1492363203 1231034
1492363375 1231035
1492363690 1231035
1492363825 1231036
1492364709 1231036
1492365942 1231036
1492366721 1231036
1492370520 1231084
1492604409 1231086
1492605165 1231145
1492691310 1231299
1492692191 1231304
1492702225 1231307
1492702284 1231332
1493296897 1231334
1493386847 1231334
1493387731 1231231
1493387894 1231235
1493391613 1231235
1493391720 1231235
1493391942 1231236
1493392304 1231361
1493392414 1231361
1493392537 1231361
1493393759 1231361
1493396348 1231363
1493396430 1231365
1493396567 1231367
1493397598 1231372
1493397648 1231373
1493397821 1231369
1493398161 1231368
1493398258 1231368
1493398428 1231368
1493398714 1231363
1493400278 1232316
1493400438 1232316
1493400762 1232316
1493401334 1232311
1493401482 1232311
1493401722 1232310
1493401996 1232310
1493402194 1232310
1493402301 1232310
1493402475 1232310
1493403129 1232312
1493403246 1232312
1493403449 1232312
1493403558 1232312
1493403666 1232312
1493403789 1232312
1493403891 1232312
1493404018 1232312
1493404206 1232312
1493404401 1232316
1493404537 1232309
1493404713 1232308
1493404971 1232308
1493406558 1232308
1493726593 1232305
1493733199 1232301
1493733939 1232370
1493737199 1232525
1493737425 1232526
1493737518 1232528
1493737904 1232528
1493818978 1232528
1493819006 1232546
1493819047 1232553
1493819071 1232554
1493819123 1232598
1493819164 1232642
1493819197 1232898
1493819219 1232898
1493819337 1232910
1493819366 1232911
1493819402 1232916
1493819449 1232916
1493819507 1232916
1493819529 1232919
1493819613 1232919
1493819636 1232967
1493819671 1233059
1493858743 1233131
1493918430 1233129
1494033235 1233129
1494226355 1233132
1494226375 1233150
1494226425 1233167
1494226491 1233169
1494226518 1233201
1494226580 1233454
1494226637 1233500
1494226666 1233515
1494226694 1233525
1494226713 1233542
1494226734 1233538
1494226762 1233549
1494226819 1233558
1494227010 1233552
1494230230 1233616
1494255932 1233556
1494284237 1233564
1494334597 1233496
1494336511 1233526
1494341254 1233617
1494341298 1233627
1494341342 1233633
1494341378 1233629
1494341526 1233452
1494341556 1233453
1494341588 1233484
1494341643 1233533
1494341728 1233534
1494429945 1233610
1494430114 1233612
1494430302 1233616
1494430372 1233616
1494430636 1233616
1494641558 1233561
1494641609 1233512
1494641652 1233512
1494641685 1233526
1494641737 1233542
1494641804 1233601
1494641845 1233601
1494641933 1233596
1494641970 1233596
1494641994 1233597
1494642022 1233700
1494717973 1233700
1494987000 1233700
1494987068 1233697
1494987123 1233783
1494987145 1233789
1494987301 1233788
1494987323 1233790
1494987348 1234041
1495457240 1234050
1495471189 1234055
1495502457 1234053
1495636576 1234064
1495636858 1234075
1495999019 1234079
1496008624 1234079
1496015129 1234096
1496016119 1234079
1496016922 1234083
1496017421 1234099
1496017570 1234098
1496018147 1234094
1496019333 1234094
1496019997 1234094
1496020192 1234078
1496346375 1234078
1496346386 1234676
1496348046 1234676
1496421073 1235077
1496434340 1235057
1496616146 1235058
1496616211 1235059
1496665784 1235059
1496674458 1235046
1496722452 1235098
1496722487 1235131
1496722566 1235143
1496725836 1235175
1496725875 1235175
1496756829 1235357
1496757579 1235382
1496813713 1235385
1496813768 1235607
1496836763 1235643
1496836797 1235653
1496841960 1235678
1496973832 1235692
1496973936 1235704
1496974025 1235710
1496974146 1235717
1496974163 1236197
1496979048 1236217
1497009037 1236215
1497010979 1236211
1497013628 1236232
1497014203 1236232
1497014636 1236236
1497052464 1236237
1497052830 1236236
1497053128 1236236
1497053616 1236235
1497053694 1236234
1497053921 1236234
1497276767 1236453
1497304837 1236457
1497304905 1236457
1497305381 1236457
1497361839 1236457
1497362248 1236451
1497362505 1236451
1497441520 1217527
1497664132 1236451
1497739832 1236706
1497739893 1236722
1497739952 1236743
1497740561 1236861
1497740718 1236861
1497741705 1236862
1497741932 1236862
1497743742 1237110
1497743764 1237114
1497744159 1237114
1497833535 1217527
1497833573 1217527
1497999175 1218343
1498001369 1218370
1498001544 1218370
1498231902 1218370
1498553333 1218026
1498553378 1218028
1498573174 1218035
1498573911 1218035
1498574097 1218035
1498704091 1218081
1498777240 1218082
1498779832 1218126
1498852054 1218129
1498889996 1218113
1498890043 1218106
1498890166 1218106
1498890196 1218328
1498890212 1218546
1498890234 1218574
1498890294 1218564
1498890311 1218572
1498890355 1218569
1498890400 1218649
1498890429 1218649
1498890449 1218655
1498890497 1218654
1499043021 1218654
1499047595 1218659
1499050711 1218682
1499054596 1218685
1499064912 1218765
1499066371 1218805
1499070373 1218744
1499070416 1218756
1499099128 1218854
1499099185 1218971
1499099724 1218973
1501101460 1219119
1501101668 1221749
1501101854 1221749
1501118959 1221869
1501160341 1221869
1501167112 1221897
1501167125 1221898
1501255050 1221955
1501453774 1221956
1501454287 1221956
1501455472 1221956
1501456641 1221955
1501456844 1221955
1501457088 1221963
1501457291 1221957
1501457721 1221955
1501509711 1221956
1501511209 1222054
1501567110 1222878
1501567201 1222903
1501567240 1222746
1501567270 1222809
1501567382 1222827
1501567391 1222808
1501567442 1222817
1501567469 1222824
1501567524 1222825
1501569493 1222827
1501569508 1222889
1501603499 1222890
1501603514 1222921
1501607605 1222921
1501652314 1222940
1501652899 1222940
1501653103 1222939
1501683735 1222978
1501717201 1222979
1501717779 1222982
1501717904 1222985
1501718953 1223001
1501719409 1223000
1501723198 1223019
1501723237 1223018
1501723255 1223017
1501725409 1223017
1501728164 1223018
1501728207 1223018
1501728238 1223018
1501728297 1223018
1502079082 1223461
1502148277 1223629
1502158641 1223700
1502852554 1224086
1502916471 1223337
1502916540 1223642
1502981798 1223764
1502981820 1223797
1503062437 1223771
1503111457 1223761
1503111505 1223767
1503111553 1223891
1503111598 1223899
1503111633 1223901
1503111658 1226901
1503111708 1226901
1503111750 1226913
1503111793 1226951
1503111854 1234899
1503111886 1235270
1503152781 1235290
1503153967 1235317
1503165293 1235317
1503165620 1235317
1503165801 1235317
1503166020 1235318
1503166255 1235318
1503166492 1235317
1503166693 1235315
1503166829 1235316
1503167051 1235316
1503167243 1235316
1503167425 1235316
1503167520 1235316
1503167730 1235316
1503167960 1235311
1503168125 1235311
1503168219 1235311
1503168378 1235311
1503168516 1235311
1503168671 1235312
1503168807 1235312
1503168999 1235311
1503169111 1235311
1503169299 1235318
1503170252 1235320
1503170416 1235323
1503170731 1235320
1503170857 1235320
1503170971 1235320
1503171217 1235320
1503171638 1235325
1503171801 1235324
1503171880 1235324
1503171934 1235324
1503172033 1235325
1503172205 1235322
1503172460 1235322
1503172497 1235321
1503320975 1235378
1503323577 1235395
1503359318 1235597
1503360050 1235595
1503361440 1235560
1503361575 1235601
1503370308 1235741
1503370365 1235715
1503493769 1235798
1503494351 1235802
1503532520 1233376
1503620542 1233376
1503620599 1233374
1503620838 1233374
1503662669 1233390
1503662690 1233601
1503667043 1233601
1503713347 1233606
1503713453 1233655
1503713539 1233655
1503713573 1233666
1503713699 1233714
1503713785 1233714
1503713806 1233714
1503713849 1233754
1503713882 1233756
1503786618 1233757
1503786634 1233754
1503786658 1233754
1503786678 1233810
1503786740 1233810
1503786760 1233810
1503786877 1233810
1503786904 1233728
1503788002 1233783
1503930695 1233783
1503931197 1233783
1503932704 1233783
1503964388 1233805
1503964417 1233802
1503969662 1233811
1503969887 1233811
1503969897 1233810
1503969908 1233816
1504062850 1234014
1504063530 1234015
1504063852 1234015
1504138016 1234017
1504138373 1234017
1504138403 1234017
1504358829 1234021
1504370910 1234022
1504370936 1234132
1504529115 1234175
1504529738 1234175
1504532275 1234197
1504830450 1234246
1504977650 1234256
1505086398 1234264
1505094186 1234279
1505094221 1234283
1505094296 1234284
1505094364 1234284
1505094399 1234285
1505094461 1234284
1505094665 1234291
1505094708 1234291
1505094764 1234300
1505094807 1234297
1505094829 1234300
1505094920 1234303
1505095438 1234303
1505175569 1234303
1505177287 1234303
1505177309 1234303
1505177769 1234303
1505239956 1234304
1505239984 1234304
1505240025 1234233
1505240168 1234233
1505240370 1234233
1505316689 1234256
1505316919 1234360
1505437974 1234360
1505493326 1234423
1505742256 1234423
1505778498 1234661
1505780816 1234719
1505786223 1234723
1505790470 1234720
1505838329 1235328
1505838483 1235328
1505858334 1235328
1505862439 1235346
1506003470 1235434
1506003775 1235434
1506005722 1235394
1506031681 1235416
1506031718 1235424
1506034793 1235428
1506047000 1235428
1506085458 1235429
1506295382 1235429
1506381375 1235450
1506833193 1235454
1507125251 1235458
1507125951 1235458
1507126708 1235459
1507127460 1235459
1507158190 1235543
1507158322 1235579
1507158341 1238895
1507158374 1238899
1507167313 1238897
1507170238 1238894
1507296309 1241005
1507296325 1241005
1507337701 1241236
1507337723 1241252
1507338173 1241252
1507338277 1241256
1507338348 1241256
1507515142 1241293
1507515222 1241293
1507516819 1241294
1507522796 1241280
1507522828 1241312
1507522970 1241312
1507581367 1241376
1507588368 1241418
1507641362 1241426
1507648256 1241431
1507899754 1241305
1508159616 1241337
1508159633 1241396
1508159720 1241396
1508159749 1241397
1508159899 1241397
1508163313 1241206
1508246800 1241206
1508804580 1241757
1508804597 1241766
1508804625 1242109
1508804896 1242109
1508806123 1242052
1508806711 1242052
1508856258 1242062
1508856297 1242061
1508857733 1242081
1508858627 1242081
1508858763 1242081
1508939451 1242135
1508939882 1242135
1508939999 1242134
1508940216 1242134
1508940330 1242134
1508940395 1242134
1508940751 1242134
1508942458 1242134
1508944619 1242140
1508945133 1242144
1508945359 1242145
1508945445 1242144
1508945550 1242145
1508945827 1242149
1508947317 1242152
1508947490 1242152
1508947558 1242152
1508947598 1242153
1508948020 1242155
1508948808 1242175
1508949504 1242177
1508950860 1242219
1508992550 1242473
1509109336 1242456
1509109347 1242456
1509110532 1242456
1509146815 1242456
1509149303 1242456
1509195629 1242456
1509196180 1242459
1509365811 1242459
1509365923 1242459
1509420551 1242459
1509420582 1242464
1509420745 1242491
1509461533 1242396
1509505705 1242402
1509505762 1242405
1509505780 1244627
1509507092 1244627
1509507313 1244626
1509540492 1244626
1509540502 1244626
1509541076 1244626
1509597408 1244678
1509636464 1244694
1509730584 1244694
1509731697 1244705
1509733351 1244652
1509733693 1244652
1510011901 1244666
1510015200 1244666
1510523304 1245809
1510523316 1245102
1510523329 1245115
1510523458 1245115
1510804005 1245115
1510804059 1245871
1510804097 1245871
1510804117 1245868
1510958997 1246080
1511049830 1246080
1511112306 1246080
1511112941 1246080
1511112977 1246080
1511113027 1246081
1511113066 1246184
1511113275 1246190
1511744796 1246192
1511744808 1247137
1511749318 1247137
1511749329 1247137
1511790394 1247148
1511793986 1247172
1511794099 1247172
1511797064 1247172
1511820538 1247173
1511826438 1247173
1511827500 1247173
1511827934 1247174
1511830098 1247204
1511833824 1247200
1511834321 1247233
1511834766 1247233
1511834827 1247200
1511835060 1247200
1511917008 1247233
1511917035 1247324
1511918942 1247330
1511977402 1247332
1511980840 1247333
1511980989 1247333
1511981088 1247332
1511981225 1247332
1511981398 1247332
1511981479 1247332
1511981586 1247332
1511982260 1247341
1511982580 1247341
1511985175 1247337
1511985270 1247337
1511985388 1247339
1511985435 1247339
1511985502 1247339
1511985683 1247334
1511985945 1247342
1511986003 1247342
1511986217 1247340
1511993172 1247340
1512051873 1247413
1512052953 1247422
1512053020 1247423
1512053292 1247423
1512054600 1247426
1512054780 1247426
1512054830 1247426
1512054883 1247426
1512055019 1247426
1512089638 1247433
1512089651 1247433
1512089670 1247646
1512089716 1247646
1512174951 1247654
1512185968 1247867
1512269361 1250360
1512340494 1250349
1512342188 1250349
1512343238 1250366
1512343807 1250366
1512394218 1250379
1512418483 1250411
1512421954 1250412
1512422345 1250412
1512423050 1250411
1512423262 1250411
1512423380 1250413
1512423820 1250413
1512423867 1250413
1512424149 1250413
1512424664 1250411
1512424933 1250411
1512444238 1250461
1512659083 1250898
1512659101 1250943
1512688048 1250955
1512773193 1250991
1513165315 1250917
1513165354 1240460
1513170970 1240506
1513171003 1240545
1513182334 1240550
1513214583 1240609
1513214636 1240901
1513216944 1240923
1513225054 1240917
1513234342 1240933
1513377851 1240947
1513377911 1240947
1513397367 1240949
1513397431 1240909
1513647129 1240905
1513808619 1240985
1513820539 1241222
1513862888 1241222
1513895660 1241222
1513896616 1241240
1513947633 1241240
1513947656 1241262
1513980532 1241376
1513981601 1241375
1513989075 1241479
1513991363 1241479
1513991385 1241557
1513992056 1245765
1514001999 1246450
1514002041 1246391
1514002527 1246407
1514003218 1246388
1514241656 1246389
1514242636 1246389
1514242848 1246405
1514323101 1246423
1514323131 1246477
1514328380 1246563
1514404328 1246821
1514404346 1246821
1514404397 1246998
1514506002 1247393
1514508865 1247393
1514567706 1247116
1514584533 1247200
1514591143 1247179
1514635858 1247189
1514638145 1247188
1514639459 1247220
1514642187 1247220
1514675921 1247391
1514697546 1248307
1514704509 1248454
1514707253 1248468
1514729794 1248467
1514763707 1248571
1514857910 1248569
1514914380 1248582
1514918331 1248578
1514919121 1248578
1514919947 1248574
1514920010 1248574
1514924440 1248573
1514928007 1248572
1514937271 1248574
1515344757 1248574
1515347448 1248575
1515349211 1248575
1515456271 1248575
1515550149 1248578
1515567885 1248578
1515567913 1248863
1515602655 1248858
1515606882 1249189
1515606916 1249127
1515606934 1249132
1515606962 1249132
1515617767 1249177
1515618504 1249186
1515621715 1249190
1515641612 1249374
1515716240 1249500
1515720796 1249500
1515721118 1249547
1515777825 1249546
1515782021 1249546
1515782240 1249546
1515784199 1249564
1515784824 1249564
1515785994 1249571
1515786282 1249573
1515789335 1249606
1515789613 1249606
1515792783 1249607
1515854417 1249622
1515854938 1249621
1515855567 1249621
1515856343 1249621
1515857466 1249623
1515875835 1249623
1516059817 1249708
1516071027 1249744
1516071246 1249739
1516156121 1249740
1516211130 1249710
1516211223 1249712
1516211578 1249712
1516212011 1249712
1516212670 1249712
1516213054 1249712
1516213094 1249712
1516213170 1249712
1516213246 1249712
1516220064 1249759
1516229903 1249775
1516230716 1249814
1516244421 1249831
1516298121 1249831
1516312462 1249835
1516321200 1249844
1516322062 1249842
1516628994 1249841
1516721339 1249878
1516721477 1249877
1516763000 1249909
1516763012 1249892
1516763073 1249929
1516828570 1249927
1516927714 1250007
1516927725 1250007
1516928057 1250007
1516942866 1250007
1516943555 1250012
1516943608 1250012
1516943893 1250012
1516951181 1250341
1517086680 1250353
1517086873 1250354
1517196794 1250351
1517196810 1250351
1517273144 1298278
1517273199 1298278
1517273680 1250351
1517273943 1250351
1517275988 1250379
1517364841 1250475
1517365606 1250266
1517408378 1250264
1517408531 1250264
1517411295 1250264
1517411323 1250279
1517430053 1250280
1517430092 1250283
1517436896 1250650
1517436913 1250709
1517449801 1244552
1517449884 1244552
1517526452 1244558
1517530899 1244563
1517839246 1244567
1517924909 1244565
1517931788 1244565
1517941690 1244665
1517945406 1244678
1517945417 1244678
1518065113 1244702
1518145118 1244708
1518145135 1245244
1518145154 1245292
1518145166 1245292
1518145189 1245291
1518147664 1245292
1518150401 1245317
1518150997 1245319
1518151989 1245319
1518152470 1245319
1518152504 1245319
1518152711 1245327
1518153964 1245327
1518154318 1245317
1518155304 1245317
1518155956 1245317
1518155968 1245317
1518159124 1245317
1518159346 1245315
1518159791 1245315
1518160357 1245317
1518160435 1245316
1518184846 1245609
1518185868 1245611
1518189616 1245611
1518189634 1245611
1518197817 1245611
1518197945 1245611
1518216826 1245600
1518318756 1245600
1518383226 1245641
1518609794 1245641
1518609838 1245836
1518612969 1245836
1518613405 1245836
1518635010 1245841
1518641728 1245549
1518641917 1245550
1518702690 1245550
1518709067 1245827
1518735771 1245831
1518743033 1246143
1518744113 1246108
1518762889 1246121
1518764417 1246119
1518765370 1246117
1519064426 1246164
1519071866 1246167
1519076272 1246267
1519169999 1246281
1519228391 1246396
1519341859 1246396
1519418969 1246403
1519659573 1246411
1519668794 1246411
1519669341 1246411
1519762984 1246427
1519763179 1246427
1519767552 1246455
1519844393 1246492
1519858551 1246497
1519858582 1246497
1519858621 1246497
1519858732 1253462
1519858757 1253643
1519858966 1253752
1519858981 1253798
1519859008 1253859
1519859034 1253962
1519859330 1254141
1519859408 1254200
1519859541 1254231
1519859581 1254393
1519859623 1254484
1519865447 1254484
1519865870 1254483
1519927618 1254526
1519927644 1254526
1520094032 1254538
1520188581 1254538
1520391969 1254538
1520540145 1254540
1520540212 1254539
1520540266 1254540
1520540424 1254554
1520540458 1254606
1520540520 1254617
1520540674 1254619
1520540736 1254697
1520540967 1254698
1520541107 1254698
1520541211 1254703
1520541244 1254680
1520544069 1254681
1520560643 1254700
1520563722 1254690
1520563909 1254040
1520576650 1254032
1520577473 1254032
1520616834 1254030
1520635865 1254030
1520651708 1254034
1520890362 1254060
1520908157 1254075
1520979774 1254088
1521135767 1254136
1521135793 1254183
1521136698 1254183
1521136853 1254183
1521148175 1254183
1521231760 1254184
1521495226 1254267
1521496578 1254273
1521560803 1254273
1521570551 1254278
1521578161 1254453
1521578253 1254453
1521640957 1254488
1521642692 1254506
1521864106 1254530
1521905089 1254530
1522019566 1254535
1522019615 1254535
1522019650 1254535
1522020467 1254535
1522020539 1254536
1522055878 1254536
1522095692 1264541
1522202854 1264541
1522202904 1273410
1522202917 1273412
1522445941 1273368
1522446361 1273402
1522447490 1273402
1522542590 1273407
1522543019 1273444
1522702301 1273444
1522703970 1273262
1522704011 1273267
1522705338 1273271
1522706223 1273270
1522709040 1273270
1522709294 1273283
1522709317 1273286
1522718222 1273286
1522808474 1273289
1523365233 1273289
1523368463 1273319
1523383182 1273317
1523570210 1273320
1523589423 1273321
1523652266 1273317
1523990576 1273402
1523990619 1273411
1523990715 1273414
1524234180 1273414
1524234771 1273414
1524235077 1273414
1524247126 1273483
1524247155 1273487
1524247289 1273488
1524247367 1273488
1524247641 1273488
1524247767 1273488
1524247970 1273521
1524248238 1273521
1524248367 1273521
1524248800 1273521
1524253455 1273589
1524325536 1273589
1524331979 1273589
1524340790 1273595
1524340806 1273597
1524421089 1273597
1524436829 1297571
1524590581 1297571
1524596719 1297589
1524601855 1297607
1524680479 1297573
1524680512 1297564
1524680556 1297564
1524680788 1297564
1524680812 1297574
1524681076 1297577
1524681124 1297577
1524682581 1297627
1524748336 1297627
1524838508 1297627
1524838541 1297601
1524842880 1297585
1524842942 1297587
1524842964 1297588
1524917083 1323214
1525028785 1323208
1525096632 1323208
1525372385 1323435
1525656291 1323855
1525656378 1324266
1525697386 1324244
1525718617 1324244
1525722277 1324244
1525722485 1324244
1525731062 1324496
1525731109 1324488
1525731188 1324484
1525804278 1324505
1525804335 1324505
1525808866 1324495
1525809760 1324721
1525813780 1324820
1525813834 1325494
1525817356 1325494
1525817919 1325492
1525871498 1325504
1525871557 1325504
1525871578 1325509
1525871592 1325517
1525964854 1325492
1526072345 1325490
1526132436 1325799
1526132562 1325804
1526138435 1325847
1526332058 1325877
1526332085 1325880
1526405498 1317039
1526475372 1317014
1526475578 1317013
1526476182 1317012
1526484548 1316939
1526500823 1316967
1526503571 1316973
1526503587 1316976
1526505305 1380790
1526562527 1380788
1526562588 1380788
1526562995 1380785
1526564177 1380785
1526574427 1380786
1526584320 1380787
1526584349 1380787
1526645245 1380788
1526776506 1380790
1526776591 1380795
1526776674 1380799
1526776703 1380814
1526776749 1380815
1526780707 1380858
1526782281 1380852
1526912397 1380998
1526912592 1380998
1526912700 1381348
1526914679 1381354
1527185688 1381654
1527195138 1389495
1527195834 1389497
1527197125 1389497
1527197953 1389497
1527250920 1389511
1527255528 1389648
1527296706 1389631
1527296765 1392907
1527301149 1392907
1527377795 1392910
1527377949 1392918
1527378059 1392934
1527450580 1393215
1527450625 1393255
1527460812 1393280
1527524000 1393283
1527540862 1393301
1527620581 1393324
1527640151 1393406
1527640424 1394084
1527688692 1394149
1527691699 1394239
1527710829 1394377
1527710920 1394432
1527713337 1394442
1527726625 1394531
1527729852 1394525
1527775983 1394929
1527793156 1394929
1527797126 1405410
1527805592 1405446
1527816489 1405741
1527816848 1405741
1527817564 1405794
1527818018 1405801
1527864419 1405832
1527864477 1405641
1527879096 1405647
1527880156 1405647
1527886996 1405652
1527887071 1405763
1527888200 1405763
1527900951 1405799
1527970471 1405808
1528123547 1405822
1528141151 1405856
1528141201 1405986
1528162054 1405921
1528162110 1405963
1528207128 1405867
1528207251 1405864
1528226405 1405873
1528226984 1405900
1528227049 1405902
1528235821 1405904
1528235835 1405921
1528747634 1405920
1528747858 1405962
1528748005 1406138
1528748167 1406138
1528748279 1406138
1528748368 1406119
1528748606 1406118
1528748797 1406120
1528939551 1409224
1528939639 1411269
1528976838 1411269
1528976860 1411269
1529061635 1411786
1529061648 1412076
1529094965 1412046
1529096707 1412059
1529149734 1412059
1529149757 1412059
1529149778 1412058
1529149861 1412061
1529149896 1412060
1529149945 1412061
1529498089 1412236
1529498234 1412322
1529517443 1412679
1529518005 1412749
1529538568 1412749
1529538627 1412757
1529538664 1412742
1529538690 1412746
1529538778 1412731
1529538875 1412747
1529594043 1412747
1529594049 1412739
1529596815 1412782
1529608963 1412876
1529681941 1412912
1529928563 1412947
1529928922 1412957
1529928943 1412957
1529929043 1412974
1529929136 1413070
1529929174 1413113
1529929230 1413113
1529929273 1413528
1529950997 1413541
1529951038 1413642
1529963188 1413656
1529963212 1413656
1529963283 1413653
1529963765 1413653
1529963771 1413523
1529964127 1413511
1529964191 1413509
1529964965 1413508
1529964991 1413508
1529965042 1413513
1529965135 1413515
1529965173 1413515
1529983387 1413515
1529993992 1413516
1530104439 1413517
1530104468 1413522
1530215617 1413557
1530216644 1287520
1530298906 1287543
1530299034 1287650
1530299464 1287650
1530301313 1287706
1530302927 1287706
1530303053 1287706
1530303367 1287706
1530635958 1287685
1530636005 1287682
1530636059 1287686
1530795753 1287703
1530889658 1287887
1530889674 1288037
1531158077 1288035
1531162396 1288111
1531163544 1288113
1531164598 1288068
1531164627 1288068
1531244314 1287729
1531244346 1291235
1531249389 1291241
1531510809 1291240
1531511129 1291317
1531511222 1291328
1531511531 1291449
1531511893 1291453
1531512033 1291462
1531512069 1291465
1531512165 1291504
1531512183 1291532
1531512229 1291533
1531512453 1291528
1531763802 1291521
1531763817 1291546
1531763836 1291547
1531864999 1291684
1531867345 1291682
1531922410 1292004
1531922771 1292004
1532015686 1291935
1532017263 1291360
1532350938 1291428
1532350962 1291729
1532371226 1291731
1532371439 1291731
1532443353 1291734
1532443380 1292006
1532457647 1292054
1532457658 1292067
1532458853 1292071
1532465871 1292072
1532465909 1292194
1532521936 1292194
1532537334 1292196
1532537574 1293196
1532612550 1293230
1532612575 1293313
1532628621 1293359
1532628638 1293378
1532628922 1293379
1532631159 1293426
1532631176 1293527
1532631954 1293534
1532631963 1293381
1532633606 1293384
1532635349 1293382
1532635372 1293386
1532722466 1293423
1532722488 1293423
1532723406 1293420
1532979037 1293212
1532979054 1293105
1532983825 1293106
1532983849 1293234
1532984051 1293235
1532988216 1293279
1532988244 1293279
1532988287 1293293
1532988388 1293293
1532988409 1293293
1533042628 1293293
1533044282 1293311
1533044465 1293311
1533047269 1293324
1533049415 1293347
1533049427 1293396
1533075388 1293395
1533075401 1293867
1533075691 1293862
1533158932 1293876
1533158987 1293876
1533159037 1293876
1533159060 1293876
1533159093 1293936
1533159144 1293941
1533159226 1293938
1533159346 1293933
1533159373 1293934
1533159395 1293934
1533159418 1293934
1533159449 1293931
1533160144 1293964
1533239913 1293950
1533240054 1293950
1533305068 1293950
1533305079 1293965
1533323441 1293986
1533327806 1294027
1533327820 1293983
1533329035 1293983
1533564218 1293984
1533564247 1293984
1533564268 1293986
1533564312 1293989
1533582444 1293993
1533582470 1293994
1533586024 1293999
1533599333 1293999
1533599371 1293999
1533665132 1293998
1533665318 1294000
1533665839 1294022
1533667286 1294023
1533760866 1294077
1533760909 1294114
1533770092 1294114
1533835910 1294115
1533837701 1294118
1533844259 1294134
1533845049 1294189
1533845058 1294192
1533925748 1294286
1533925771 1294289
1533934072 1294289
1533934095 1294164
1534184046 1294171
1534185452 1294212
1534187592 1294224
1534188439 1294224
1534188613 1294230
1534193204 1294236
1534268893 1294253
1534268944 1294261
1534268995 1294314
1534269023 1294315
1534276220 1294315
1534427146 1294337
1534427340 1294337
1534430381 1294337
1534431878 1294383
1534432287 1294383
1534443185 1294385
1534443706 1294391
1534445662 1294403
1534537956 1294409
1534537972 1294377
1534611197 1294377
1534611219 1294383
1534612312 1294395
1534612325 1294405
1534635224 1294405
1534776745 1294410
1534776780 1294412
1534777691 1294415
1534791949 1294560
1534796512 1294560
1534796535 1294585
1534797021 1294585
1534797575 1294585
1534797817 1294585
1534863548 1294609
1534949094 1294715
1534949140 1294567
1534962986 1294566
1534970832 1294565
1535036337 1294583
1535036472 1294601
1535036717 1294627
1535050353 1294654
1535052795 1294665
1535054844 1294679
1535056694 1294673
1535056712 1294680
1535123046 1294676
1535123073 1294679
1535131785 1294680
1535133168 1294693
1535140391 1294692
1535467082 1294757
1535467103 1294908
1535480990 1294907
1535483035 1294909
1535483063 1294909
1535483082 1294918
1535483280 1294921
1535483398 1294925
1535565341 1294926
1535565417 1294929
1535578261 1294934
1535578280 1294934
1535998410 1294934
1535998643 1294934
1536003046 1294939
1536008209 1294977
1536068149 1294981
1536068245 1294976
1536068735 1294976
1536072064 1294981
1536084932 1294985
1536090657 1295022
1536090677 1295024
1536091686 1295041
1536091883 1295041
1536178034 1295083
1536263605 1295087
1536607151 1295099
1536607181 1295355
1536608899 1295368
1536687129 1295385
1536687175 1295381
1536688478 1295378
1536696067 1295380
1536697839 1295382
1536701326 1295383
1536772795 1295383
1536871448 1295403
1536871528 1295404
1536871553 1295404
1536949577 1295404
1536949636 1295406
1536960660 1295565
1536962993 1295568
1536963012 1295568
1537207399 1295568
1537281834 1295586
1537304838 1295586
1537305113 1295653
1537305373 1295569
1537309917 1295572
1537373651 1295682
1537373785 1295684
1537374409 1295680
1537374602 1295680
1537375885 1295680
1537376749 1295680
1537467138 1295707
1537467473 1295707
1537467835 1295707
1537468005 1295707
1537468467 1295709
1537468552 1295709
1537468851 1295735
1537470078 1295740
1537470615 1297667
1537551863 1297763
1537556469 1296976
1537556508 1296976
1537556537 1297011
1537556561 1297046
1537820987 1297584
1537994991 1297806
1537995079 1297841
1538424741 1298170
1538424764 1298172
1538425563 1298172
1538505646 1298172
1538511083 1298172
1538602262 1298445
1538602280 1298508
1538602343 1298475
1538602383 1298481
1538602408 1301876
1538602554 1287999
1538603435 1288016
1538678616 1288021
1538679794 1288164
1538730082 1288181
1538730132 1288184
1538732228 1288190
1538758898 1288202
1539021298 1288204
1539024353 1288378
1539025786 1288384
1539029435 1288404
1539030131 1288407
1539030553 1288406
1539104101 1288405
1539626069 1288418
1539628190 1304290
1539632539 1304276
1539641119 1304278
1539641133 1304289
1539714617 1304353
1539716676 1304355
1539719978 1304355
1539720012 1304442
1539800533 1304474
1539886971 1304560
1541095417 1304566
1541095435 1304571
1541104002 1304572
1541105062 1304572
1541450079 1304572
1541450103 1304572
1541451280 1304581
1541620564 1304768
1541620585 1304949
1542035828 1304959
1542053103 1305044
1542136347 1305073
1542141832 1305129
1542206550 1305147
1542206965 1305147
1542225881 1305148
1542225901 1305275
1542387735 1305575
1542742960 1305580
1542834707 1305588
1543438228 1305588
1543523619 1305588
1543601462 1305604
1543756663 1305607
1543851642 1305691
1544470765 1305699
1544470775 1309121
1544784626 1308228
1544784729 1309285
1544789291 1309285
1544789469 1309285
1544821440 1308302
1545246326 1308321
1545319842 1308331
1545324679 1308349
1545403258 1308358
1546869637 1308359
1546887832 1308359
1546888572 1308361
1546952748 1308361
1546953134 1308361
1547057448 1308339
1547057461 1308387
1547057489 1308396
1547486153 1308405
1547490878 1308507
1547490898 1308507
1547496635 1308521
1547580094 1308521
1547656138 1308521
1547762700 1308527
1547762764 1308534
1547762931 1308750
1547762970 1308750
1547763050 1308763
1547763095 1308764
1547763122 1308789
1547833574 1308789
1547834716 1308827
1547834766 1308850
1547838984 1308817
1547839007 1308817
1547839038 1308836
1547839588 1308840
1547839676 1308852
1547840045 1308960
1547840087 1309006
1547840150 1309081
1547840231 1309111
1547844052 1309111
1548277942 1309137
1548277995 1309202
1548278021 1309202
1548686504 1309207
1548686644 1309207
1548783267 1309209
1548784385 1309209
1549318249 1309209
1549318387 1309209
1549365875 1309229
1549464530 1309236
1549465163 1309236
1549471717 1309236
1549476827 1309258
1549477494 1309369
1549651732 1309372
1549651786 1309372
1549652602 1309372
1549659948 1309372
1549663087 1309590
1549663161 1309681
1549663228 1309684
1549663301 1309822
1549665922 1309822
1550775191 1309844
1552343567 1309844
1552343627 1309845
1552344886 1309860
1552426326 1309860
1552671946 1309876
1552929070 1309875
1552931411 1309876
1552931616 1309975
1552931640 1309995
1553110865 1316463
1553110916 1316497
1553534677 1316497
1554230415 1316511
1554843513 1316512
1555349601 1316525
1555349763 1317253
1555351170 1317252
1555351928 1317252
1555408979 1317253
1555445015 1317267
1555601639 1317390
1555962924 1317390
1555963064 1317408
1555980951 1317402
1555981537 1317402
1555983455 1317400
1555983487 1317401
1555984420 1317402
1556028430 1317602
1556029155 1317602
1556819702 1317604
1556819769 1317768
1557236830 1317779
1557248214 1317778
1557258252 1317778
1557767378 1317781
1557863883 1317781
1557867521 1317787
1557867583 1317786
1557930235 1317786
1557931354 1317815
1557932119 1317836
1557934153 1317859
1557939113 1317860
1558042906 1317863
1558116920 1317639
1558117848 1317637
1559067303 1317775
1559067321 1318440
1559067818 1318442
1559068434 1318442
1559068619 1318442
1559153685 1318481
1559246289 1318481
1559247688 1318483
1559335530 1327234
1559584275 1327293
1559584449 1327292
1559591421 1327292
1559594452 1327286
1559755036 1327351
1559758037 1327353
1559930005 1327471
1559930144 1327487
1559935392 1332724
1559941712 1332745
1559942476 1332745
1560447460 1332827
1560447658 1332853
1560531388 1332865
1560862200 1332904
1560941205 1332913
1560954778 1332913
1561571581 1332921
1561574912 1332926
1561749746 1332944
1561750612 1332946
1561752236 1332961
1562011976 1332970
1562012010 1332968
1562012093 1332972
1562012136 1332974
1562015801 1332974
1562015834 1332986
1562018885 1333009
1562018983 1333009
1562331034 1333008
1562331128 1333010
1562331157 1333012
1562686107 1333013
1562686546 1333013
1562689428 1333801
1563238091 1333867
1563238101 1334012
1563556429 1334048
1563556447 1333928
1563815807 1334168
1563818278 1334169
1563824789 1334173
1563891032 1334207
1563900810 1334208
1563901190 1334679
1563980011 1334686
1563993571 1334695
1564022489 1334720
1564076470 1334714
1564076487 1334806
1564076808 1334803
1564083006 1334802
1564144597 1334807
1564144853 1334812
1564145973 1334755
1564453604 1334834
1564492878 1334836
1564492887 1334835
1564540014 1334835
1564540199 1334835
1564584298 1334843
1564586300 1334857
1564600957 1334870
1564600978 1334963
1564601444 1334963
1564602087 1334963
1564758785 1334973
1565014789 1334979
1565015679 1334979
1566609367 1334997
1566609389 1335709
1566826624 1335714
1566850258 1335888
1566851025 1335848
1566851338 1335714
1566854480 1335714
1566906558 1335721
1566997922 1335794
1566997938 1335845
1566998113 1335882
1566999223 1335880
1567007057 1335892
1567011073 1335992
1567011849 1336015
1567013063 1336015
1567112218 1336320
1567112350 1336325
1567112610 1336326
1567112797 1336326
1567185256 1334232
1567185401 1334240
1567185498 1334233
1567185578 1334246
1567185675 1334311
1567190810 1334311
1567389292 1334333
1567547058 1334412
1568202028 1334338
1568202512 1334391
1568295368 1334515
1568295815 1334515
1568296172 1334516
1568296322 1334518
1568296571 1334525
1568307829 1334489
1568313921 1334489
1568317869 1334489
1568334265 1334494
1568399239 1334498
1568401377 1334496
1569506563 1334677
1569506641 1335083
1569506908 1335091
1569509344 1335101
1569515323 1335101
1569517809 1335102
1569523317 1335141
1569523487 1335165
1569523689 1335166
1569529713 1335166
1569530109 1335170
1569530560 1335170
1569605737 1335188
1569608893 1335202
1569609431 1335202
1569609572 1335205
1569934534 1335205
1569934547 1335210
1569935304 1335210
1569943932 1335228
1569958345 1335234
1569959190 1335234
1569959384 1335234
1569959478 1335234
1569959860 1335234
1569960250 1335233
1569960315 1335233
1569960437 1335223
1569960759 1335223
1569960932 1335224
1569961166 1335224
1569962267 1335222
1569962580 1335224
1569975124 1335227
1570021193 1335239
1570022306 1335256
1570034043 1335257
1570641036 1335260
1570646406 1335270
1570726905 1335437
1570727078 1335437
1571239702 1335628
1571239719 1335655
1571868471 1335655
1571868493 1335946
1572457479 1335963
